strsp1-Ur-I: 0.3911066657804772 0.13228853704301638 	  Covariance: [ 2.18360913e-04 -5.46478549e-05] [-5.46478549e-05  1.47281767e-05] 
strsp2-Ur-I: 0.4682719890164121 1.1389308562050722 	  Covariance: [ 0.00014984 -0.00027263] [-0.00027263  0.00054214]
strsp1-I-Ur: 2.3671506627112833 139.1901917407035 	  Covariance: [0.00742302 1.23489988] [  1.23489988 208.55622037] 
strsp2-I-Ur: 2.056508945411808 0.8142793842170633 	  Covariance: [ 0.00179262 -0.00140238] [-0.00140238  0.00112933]
strsp1-Pr-R: 0.4242954086182626 18.496158880406306 	  Covariance: [ 0.00020816 -0.00285941] [-0.00285941  0.06770777] 
strsp2-Pr-R: 0.3590629548848584 0.8441928752358441 	  Covariance: [ 0.00011658 -0.00024757] [-0.00024757  0.0005651 ] 
kirch1-I0-ratio: 1.0005896056230512 	  Covariance: [2.89881132e-08] 

strsp2-U0-Ra: 0.08857749287301198 	  Covariance: [2.41904735e-07] 
strsp2-Ua-Rintern: 44.26139368863319 -3.9654645655843366 	  Covariance: [ 2.97204417 -0.56951796] [-0.56951796  0.11698895]
kirch2-U0-ratio: 1.0005138770598583 	  Covariance: [2.88558251e-09] 
kirch2-U0-ratio: 1.0005138770598583 	  Covariance: [2.88558251e-09] 